	sample1	sample3	sample6	sample7	sample10	sample11
sample1	0.0	0.9125	0.765957446809	0.845238095238	0.888888888889	0.840579710145
sample3	0.9125	0.0	0.87012987013	0.630434782609	0.844660194175	0.732558139535
sample6	0.765957446809	0.87012987013	0.0	0.817073170732	0.953488372093	0.888888888889
sample7	0.845238095238	0.630434782609	0.817073170732	0.0	0.735294117647	0.833333333333
sample10	0.888888888889	0.844660194175	0.953488372093	0.735294117647	0.0	0.845360824742
sample11	0.840579710145	0.732558139535	0.888888888889	0.833333333333	0.845360824742	0.0