	sample1	sample3	sample6	sample7	sample10	sample11
sample1	0.0	9.16068267529	5.99562803529	7.1505069025	10.2257750365	7.21731634802
sample3	9.16068267529	0.0	8.04020973313	7.78720348406	9.93510900386	7.91026596185
sample6	5.99562803529	8.04020973313	0.0	7.00302869482	10.8289634944	7.93066216372
sample7	7.1505069025	7.78720348406	7.00302869482	0.0	8.88389134966	8.97887942463
sample10	10.2257750365	9.93510900386	10.8289634944	8.88389134966	0.0	10.7702197172
sample11	7.21731634802	7.91026596185	7.93066216372	8.97887942463	10.7702197172	0.0