	sample1	sample2	sample3	sample5	sample6	sample7
sample1	0.0	8.79280025168	11.9633113256	10.372455701	10.416429308	11.7372083895
sample2	8.79280025168	0.0	11.0385281078	10.8376405613	9.19207064368	12.0415980359
sample3	11.9633113256	11.0385281078	0.0	13.9125342263	9.26758580758	14.3785578354
sample5	10.372455701	10.8376405613	13.9125342263	0.0	12.6201664087	10.1242030157
sample6	10.416429308	9.19207064368	9.26758580758	12.6201664087	0.0	13.1818655278
sample7	11.7372083895	12.0415980359	14.3785578354	10.1242030157	13.1818655278	0.0