	MCT.f.0417	MCT.f.0089	MCT.f.0091	MCT.f.0094	MCT.f.0095	MCT.f.0098	MCT.f.0099
MCT.f.0417	0.0	11.4491803279	5.99562803529	8.42813136183	10.2257750365	7.26251116425	10.7840859882
MCT.f.0089	11.4491803279	0.0	10.704798331	11.5365079365	10.8070014144	11.59318353	11.3283018868
MCT.f.0091	5.99562803529	10.704798331	0.0	8.53624314816	10.8289634944	8.93491986282	10.733739208
MCT.f.0094	8.42813136183	11.5365079365	8.53624314816	0.0	10.1230505403	8.30559863078	8.55369342706
MCT.f.0095	10.2257750365	10.8070014144	10.8289634944	10.1230505403	0.0	8.9928222172	8.78434522698
MCT.f.0098	7.26251116425	11.59318353	8.93491986282	8.30559863078	8.9928222172	0.0	7.92379878635
MCT.f.0099	10.7840859882	11.3283018868	10.733739208	8.55369342706	8.78434522698	7.92379878635	0.0