	MCT.f.0477	MCT.f.0481	MCT.f.0482	MCT.f.0486	MCT.f.0489	MCT.f.0492
MCT.f.0477	0.0	7.16594756296	10.0238907392	7.55757137932	9.20675143672	6.1158372916
MCT.f.0481	7.16594756296	0.0	6.96520967591	7.41277354737	9.50954811874	7.42333292747
MCT.f.0482	10.0238907392	6.96520967591	0.0	9.67765575577	11.0424171186	10.4895224879
MCT.f.0486	7.55757137932	7.41277354737	9.67765575577	0.0	8.48269659688	7.92216096001
MCT.f.0489	9.20675143672	9.50954811874	11.0424171186	8.48269659688	0.0	9.54952152092
MCT.f.0492	6.1158372916	7.42333292747	10.4895224879	7.92216096001	9.54952152092	0.0