	sample1	sample2	sample3	sample4	sample6	sample7
sample1	0.0	15.9208925228	16.5235271114	17.3838379148	16.5682483721	16.3570871876
sample2	15.9208925228	0.0	8.79280025168	11.9633113256	10.372455701	10.416429308
sample3	16.5235271114	8.79280025168	0.0	11.0385281078	10.8376405613	9.19207064368
sample4	17.3838379148	11.9633113256	11.0385281078	0.0	13.9125342263	9.26758580758
sample6	16.5682483721	10.372455701	10.8376405613	13.9125342263	0.0	12.6201664087
sample7	16.3570871876	10.416429308	9.19207064368	9.26758580758	12.6201664087	0.0