	sample2	sample4	sample7	sample8	sample11	sample12
sample2	0.0	0.931818181818	0.776699029126	0.875	0.654320987654	0.840909090909
sample4	0.931818181818	0.0	0.970297029703	0.953846153846	0.87012987013	0.904109589041
sample7	0.776699029126	0.970297029703	0.0	0.850574712644	0.833333333333	0.868686868687
sample8	0.875	0.953846153846	0.850574712644	0.0	0.814285714286	0.689655172414
sample11	0.654320987654	0.87012987013	0.833333333333	0.814285714286	0.0	0.841463414634
sample12	0.840909090909	0.904109589041	0.868686868687	0.689655172414	0.841463414634	0.0