	sample2	sample4	sample7	sample8	sample11	sample12
sample2	0.0	11.4870904325	10.1454410108	11.1495651181	9.43878014774	10.3543247128
sample4	11.4870904325	0.0	11.2467105263	11.6280461032	10.4019071608	11.3848202397
sample7	10.1454410108	11.2467105263	0.0	8.34666214108	8.97887942463	7.715519658
sample8	11.1495651181	11.6280461032	8.34666214108	0.0	8.15105608198	6.49752616709
sample11	9.43878014774	10.4019071608	8.97887942463	8.15105608198	0.0	8.35238322036
sample12	10.3543247128	11.3848202397	7.715519658	6.49752616709	8.35238322036	0.0