	MCT.f.0477	MCT.f.0481	MCT.f.0482	MCT.f.0486	MCT.f.0489	MCT.f.0492
MCT.f.0477	0.0	15.1090346935	13.0694170833	12.4326433711	31.5418650545	17.8132528828
MCT.f.0481	15.1090346935	0.0	13.5406545328	12.8815425359	35.973523794	21.8970931775
MCT.f.0482	13.0694170833	13.5406545328	0.0	9.53282618463	33.6943648684	16.8241734067
MCT.f.0486	12.4326433711	12.8815425359	9.53282618463	0.0	34.5876459671	19.8101310137
MCT.f.0489	31.5418650545	35.973523794	33.6943648684	34.5876459671	0.0	25.6428559263
MCT.f.0492	17.8132528828	21.8970931775	16.8241734067	19.8101310137	25.6428559263	0.0