	MCT.f.0089	MCT.f.0091	MCT.f.0094	MCT.f.0095	MCT.f.0098	MCT.f.0099
MCT.f.0089	0.0	0.621621621622	0.698412698413	0.747524752475	0.619883040936	0.704663212435
MCT.f.0091	0.621621621622	0.0	0.75	0.794444444444	0.765432098765	0.755813953488
MCT.f.0094	0.698412698413	0.75	0.0	0.307189542484	0.67032967033	0.593406593407
MCT.f.0095	0.747524752475	0.794444444444	0.307189542484	0.0	0.608938547486	0.538888888889
MCT.f.0098	0.619883040936	0.765432098765	0.67032967033	0.608938547486	0.0	0.370860927152
MCT.f.0099	0.704663212435	0.755813953488	0.593406593407	0.538888888889	0.370860927152	0.0