	MCT.f.0089	MCT.f.0091	MCT.f.0094	MCT.f.0095	MCT.f.0098	MCT.f.0099
MCT.f.0089	0.0	6.65985240191	9.28170860212	9.23757877917	8.43127379134	8.72447000668
MCT.f.0091	6.65985240191	0.0	5.84103583798	6.51911168448	6.45646419776	7.810717715
MCT.f.0094	9.28170860212	5.84103583798	0.0	2.27994890424	6.15662671968	6.72972179388
MCT.f.0095	9.23757877917	6.51911168448	2.27994890424	0.0	6.37629870225	6.88230505182
MCT.f.0098	8.43127379134	6.45646419776	6.15662671968	6.37629870225	0.0	3.6504309672
MCT.f.0099	8.72447000668	7.810717715	6.72972179388	6.88230505182	3.6504309672	0.0