	sample1	sample2	sample4	sample5	sample6	sample7
sample1	0.0	11.0385281078	10.8376405613	9.19207064368	12.0415980359	10.5849986591
sample2	11.0385281078	0.0	13.9125342263	9.26758580758	14.3785578354	12.8850502228
sample4	10.8376405613	13.9125342263	0.0	12.6201664087	10.1242030157	9.06395202028
sample5	9.19207064368	9.26758580758	12.6201664087	0.0	13.1818655278	12.9164361406
sample6	12.0415980359	14.3785578354	10.1242030157	13.1818655278	0.0	9.07172247209
sample7	10.5849986591	12.8850502228	9.06395202028	12.9164361406	9.07172247209	0.0