	MCT.f.0089	MCT.f.0091	MCT.f.0094	MCT.f.0095	MCT.f.0098	MCT.f.0099
MCT.f.0089	0.0	4.10229123767	7.6604043129	7.48295000846	6.53554270583	6.74702367488
MCT.f.0091	4.10229123767	0.0	4.73540268812	5.74290669512	6.52788473154	6.76196811808
MCT.f.0094	7.6604043129	4.73540268812	0.0	2.22127007494	6.55067391833	6.63748554044
MCT.f.0095	7.48295000846	5.74290669512	2.22127007494	0.0	5.1787303436	6.03511281095
MCT.f.0098	6.53554270583	6.52788473154	6.55067391833	5.1787303436	0.0	1.71458569766
MCT.f.0099	6.74702367488	6.76196811808	6.63748554044	6.03511281095	1.71458569766	0.0