	MCT.f.0089	MCT.f.0091	MCT.f.0094	MCT.f.0095	MCT.f.0098	MCT.f.0099
MCT.f.0089	0.0	0.821138211382	0.793333333333	0.824561403509	0.731034482759	0.82183908046
MCT.f.0091	0.821138211382	0.0	0.825396825397	0.816901408451	0.782258064516	0.788732394366
MCT.f.0094	0.793333333333	0.825396825397	0.0	0.466165413534	0.644927536232	0.649350649351
MCT.f.0095	0.824561403509	0.816901408451	0.466165413534	0.0	0.601351351351	0.566037735849
MCT.f.0098	0.731034482759	0.782258064516	0.644927536232	0.601351351351	0.0	0.376923076923
MCT.f.0099	0.82183908046	0.788732394366	0.649350649351	0.566037735849	0.376923076923	0.0