	MCT.f.0089	MCT.f.0091	MCT.f.0094	MCT.f.0095	MCT.f.0098	MCT.f.0099
MCT.f.0089	0.0	9.6010685745	9.87089242834	9.48295826612	9.55053655872	10.2916628984
MCT.f.0091	9.6010685745	0.0	5.49789868601	8.67791243715	6.99996126716	8.97861418376
MCT.f.0094	9.87089242834	5.49789868601	0.0	6.05228878974	7.09877888513	8.57130071688
MCT.f.0095	9.48295826612	8.67791243715	6.05228878974	0.0	7.51963143412	7.44335043311
MCT.f.0098	9.55053655872	6.99996126716	7.09877888513	7.51963143412	0.0	4.84492435015
MCT.f.0099	10.2916628984	8.97861418376	8.57130071688	7.44335043311	4.84492435015	0.0