	sample1	sample2	sample3	sample5	sample6	sample7
sample1	0.0	0.659574468085	0.714285714286	0.760563380282	0.907407407407	0.963414634146
sample2	0.659574468085	0.0	0.510204081633	0.8	0.835820895522	0.939655172414
sample3	0.714285714286	0.510204081633	0.0	0.744186046512	0.820512820513	0.95
sample5	0.760563380282	0.8	0.744186046512	0.0	0.770833333333	0.881578947368
sample6	0.907407407407	0.835820895522	0.820512820513	0.770833333333	0.0	0.894230769231
sample7	0.963414634146	0.939655172414	0.95	0.881578947368	0.894230769231	0.0