	sample1	sample2	sample3	sample5	sample6	sample7
sample1	0.0	6.77976915058	8.60440020778	9.69365579535	10.5934594468	11.2591269172
sample2	6.77976915058	0.0	7.52849443871	10.1607493105	9.77589924859	9.98954248366
sample3	8.60440020778	7.52849443871	0.0	9.78516466605	9.47514619883	10.9254626763
sample5	9.69365579535	10.1607493105	9.78516466605	0.0	8.7073181073	9.8048818641
sample6	10.5934594468	9.77589924859	9.47514619883	8.7073181073	0.0	9.13859543818
sample7	11.2591269172	9.98954248366	10.9254626763	9.8048818641	9.13859543818	0.0