	MCT.f.0089	MCT.f.0091	MCT.f.0094	MCT.f.0095	MCT.f.0098	MCT.f.0099	MCT.f.0417
MCT.f.0089	0.0	12.509435587	15.5362287216	17.3973166491	22.9012841986	17.1647362551	11.403658023
MCT.f.0091	12.509435587	0.0	13.1694641262	19.4309137807	26.6070946431	20.2396777877	15.602564096
MCT.f.0094	15.5362287216	13.1694641262	0.0	15.0401677998	28.0301380333	16.7633933993	14.8397265931
MCT.f.0095	17.3973166491	19.4309137807	15.0401677998	0.0	29.2849223789	13.1765511586	11.7785032673
MCT.f.0098	22.9012841986	26.6070946431	28.0301380333	29.2849223789	0.0	27.3834828542	25.7500273441
MCT.f.0099	17.1647362551	20.2396777877	16.7633933993	13.1765511586	27.3834828542	0.0	12.8526633991
MCT.f.0417	11.403658023	15.602564096	14.8397265931	11.7785032673	25.7500273441	12.8526633991	0.0