	sample1	sample2	sample3	sample4	sample5	sample6	sample7	sample8	sample9	sample10	sample11	sample12	sample13	sample14
sample1	0.0	0.503225806452	0.612676056338	0.607142857143	0.693548387097	0.696629213483	0.689873417722	0.56338028169	0.617647058824	0.680473372781	0.761904761905	0.758064516129	0.741721854305	0.806629834254
sample2	0.503225806452	0.0	0.617021276596	0.55900621118	0.711229946524	0.75	0.694267515924	0.653333333333	0.726775956284	0.758426966292	0.828282828283	0.78835978836	0.817610062893	0.873684210526
sample3	0.612676056338	0.617021276596	0.0	0.761006289308	0.736196319018	0.655172413793	0.731343283582	0.725190839695	0.754716981132	0.792207792208	0.813253012048	0.824242424242	0.776	0.852564102564
sample4	0.607142857143	0.55900621118	0.761006289308	0.0	0.679347826087	0.689265536723	0.698113207547	0.692307692308	0.584337349398	0.648484848485	0.755319148936	0.730769230769	0.79746835443	0.826086956522
sample5	0.693548387097	0.711229946524	0.736196319018	0.679347826087	0.0	0.711229946524	0.751445086705	0.761627906977	0.79802955665	0.791666666667	0.700534759358	0.775510204082	0.801204819277	0.821989528796
sample6	0.696629213483	0.75	0.655172413793	0.689265536723	0.711229946524	0.0	0.595890410959	0.679738562092	0.668571428571	0.71511627907	0.739130434783	0.577639751553	0.746666666667	0.777142857143
sample7	0.689873417722	0.694267515924	0.731343283582	0.698113207547	0.751445086705	0.595890410959	0.0	0.595238095238	0.691823899371	0.579710144928	0.601351351351	0.675324675325	0.716535433071	0.796178343949
sample8	0.56338028169	0.653333333333	0.725190839695	0.692307692308	0.761627906977	0.679738562092	0.595238095238	0.0	0.605442176871	0.601449275362	0.649006622517	0.703225806452	0.632478632479	0.76821192053
sample9	0.617647058824	0.726775956284	0.754716981132	0.584337349398	0.79802955665	0.668571428571	0.691823899371	0.605442176871	0.0	0.465753424658	0.694444444444	0.681818181818	0.718120805369	0.745664739884
sample10	0.680473372781	0.758426966292	0.792207792208	0.648484848485	0.791666666667	0.71511627907	0.579710144928	0.601449275362	0.465753424658	0.0	0.588607594937	0.658536585366	0.730496453901	0.77245508982
sample11	0.761904761905	0.828282828283	0.813253012048	0.755319148936	0.700534759358	0.739130434783	0.601351351351	0.649006622517	0.694444444444	0.588607594937	0.0	0.68	0.592592592593	0.793296089385
sample12	0.758064516129	0.78835978836	0.824242424242	0.730769230769	0.775510204082	0.577639751553	0.675324675325	0.703225806452	0.681818181818	0.658536585366	0.68	0.0	0.777777777778	0.724550898204
sample13	0.741721854305	0.817610062893	0.776	0.79746835443	0.801204819277	0.746666666667	0.716535433071	0.632478632479	0.718120805369	0.730496453901	0.592592592593	0.777777777778	0.0	0.788732394366
sample14	0.806629834254	0.873684210526	0.852564102564	0.826086956522	0.821989528796	0.777142857143	0.796178343949	0.76821192053	0.745664739884	0.77245508982	0.793296089385	0.724550898204	0.788732394366	0.0