	sample1	sample3	sample6	sample7	sample10	sample11
sample1	0.0	12.509435587	15.5362287216	17.3973166491	22.9012841986	17.1647362551
sample3	12.509435587	0.0	13.1694641262	19.4309137807	26.6070946431	20.2396777877
sample6	15.5362287216	13.1694641262	0.0	15.0401677998	28.0301380333	16.7633933993
sample7	17.3973166491	19.4309137807	15.0401677998	0.0	29.2849223789	13.1765511586
sample10	22.9012841986	26.6070946431	28.0301380333	29.2849223789	0.0	27.3834828542
sample11	17.1647362551	20.2396777877	16.7633933993	13.1765511586	27.3834828542	0.0