	sample1	sample2	sample3	sample4	sample6	sample7
sample1	0.0	0.659574468085	0.714285714286	0.785714285714	0.907407407407	0.963414634146
sample2	0.659574468085	0.0	0.510204081633	0.792307692308	0.835820895522	0.939655172414
sample3	0.714285714286	0.510204081633	0.0	0.822033898305	0.820512820513	0.95
sample4	0.785714285714	0.792307692308	0.822033898305	0.0	0.853846153846	0.905660377358
sample6	0.907407407407	0.835820895522	0.820512820513	0.853846153846	0.0	0.894230769231
sample7	0.963414634146	0.939655172414	0.95	0.905660377358	0.894230769231	0.0