	sample1	sample2	sample3	sample4	sample6	sample7
sample1	0.0	6.77976915058	8.60440020778	9.47151356141	10.5934594468	11.2591269172
sample2	6.77976915058	0.0	7.52849443871	9.66700790088	9.77589924859	9.98954248366
sample3	8.60440020778	7.52849443871	0.0	9.56358768407	9.47514619883	10.9254626763
sample4	9.47151356141	9.66700790088	9.56358768407	0.0	9.9748176379	10.6723364044
sample6	10.5934594468	9.77589924859	9.47514619883	9.9748176379	0.0	9.13859543818
sample7	11.2591269172	9.98954248366	10.9254626763	10.6723364044	9.13859543818	0.0