	sample3	sample5	sample8	sample9	sample12	sample13
sample3	0.0	0.857142857143	0.846153846154	0.771428571429	0.840909090909	0.75
sample5	0.857142857143	0.0	0.72131147541	0.864077669903	0.767123287671	0.805825242718
sample8	0.846153846154	0.72131147541	0.0	0.880434782609	0.689655172414	0.840425531915
sample9	0.771428571429	0.864077669903	0.880434782609	0.0	0.826530612245	0.690265486726
sample12	0.840909090909	0.767123287671	0.689655172414	0.826530612245	0.0	0.726315789474
sample13	0.75	0.805825242718	0.840425531915	0.690265486726	0.726315789474	0.0