	sample3	sample5	sample8	sample9	sample12	sample13
sample3	0.0	9.0002397692	8.8824332751	8.92147657185	8.18119190063	9.97035405167
sample5	9.0002397692	0.0	5.43758601171	8.7784184514	6.31072902248	8.16598964049
sample8	8.8824332751	5.43758601171	0.0	8.56187985622	6.49752616709	9.1780638515
sample9	8.92147657185	8.7784184514	8.56187985622	0.0	8.01046534903	8.30559863078
sample12	8.18119190063	6.31072902248	6.49752616709	8.01046534903	0.0	5.34502327301
sample13	9.97035405167	8.16598964049	9.1780638515	8.30559863078	5.34502327301	0.0