	sample4	sample6	sample9	sample10	sample13	sample14	sample1
sample4	0.0	0.857142857143	0.846153846154	0.771428571429	0.840909090909	0.75	0.93
sample6	0.857142857143	0.0	0.72131147541	0.864077669903	0.767123287671	0.805825242718	0.869047619048
sample9	0.846153846154	0.72131147541	0.0	0.880434782609	0.689655172414	0.840425531915	0.890410958904
sample10	0.771428571429	0.864077669903	0.880434782609	0.0	0.826530612245	0.690265486726	0.899082568807
sample13	0.840909090909	0.767123287671	0.689655172414	0.826530612245	0.0	0.726315789474	0.865853658537
sample14	0.75	0.805825242718	0.840425531915	0.690265486726	0.726315789474	0.0	0.844036697248
sample1	0.93	0.869047619048	0.890410958904	0.899082568807	0.865853658537	0.844036697248	0.0