	MCT.f.0464	MCT.f.0467	MCT.f.0468	MCT.f.0470	MCT.f.0472	MCT.f.0473	MCT.f.0475
MCT.f.0464	0.0	0.580459770115	0.601123595506	0.7	0.653266331658	0.698113207547	0.674641148325
MCT.f.0467	0.580459770115	0.0	0.14953271028	0.475	0.590909090909	0.611111111111	0.56050955414
MCT.f.0468	0.601123595506	0.14953271028	0.0	0.377192982456	0.549668874172	0.598765432099	0.547770700637
MCT.f.0470	0.7	0.475	0.377192982456	0.0	0.466165413534	0.567567567568	0.634615384615
MCT.f.0472	0.653266331658	0.590909090909	0.549668874172	0.466165413534	0.0	0.177777777778	0.296551724138
MCT.f.0473	0.698113207547	0.611111111111	0.598765432099	0.567567567568	0.177777777778	0.0	0.204225352113
MCT.f.0475	0.674641148325	0.56050955414	0.547770700637	0.634615384615	0.296551724138	0.204225352113	0.0