	MCT.f.0069	MCT.f.0070	MCT.f.0071	MCT.f.0072	MCT.f.0074	MCT.f.0075
MCT.f.0069	0.0	0.531914893617	0.592592592593	0.704697986577	0.805263157895	0.828877005348
MCT.f.0070	0.531914893617	0.0	0.12962962963	0.369127516779	0.608040201005	0.706730769231
MCT.f.0071	0.592592592593	0.12962962963	0.0	0.275167785235	0.566502463054	0.683720930233
MCT.f.0072	0.704697986577	0.369127516779	0.275167785235	0.0	0.372549019608	0.51376146789
MCT.f.0074	0.805263157895	0.608040201005	0.566502463054	0.372549019608	0.0	0.201005025126
MCT.f.0075	0.828877005348	0.706730769231	0.683720930233	0.51376146789	0.201005025126	0.0