	MCT.f.0069	MCT.f.0070	MCT.f.0071	MCT.f.0072	MCT.f.0074	MCT.f.0075
MCT.f.0069	0.0	4.91395410946	6.0684955836	7.64150500258	9.78866304229	10.6092283371
MCT.f.0070	4.91395410946	0.0	2.73143107072	5.37806567736	8.74759674408	9.28729765631
MCT.f.0071	6.0684955836	2.73143107072	0.0	4.67538273947	8.15049320181	9.02744590832
MCT.f.0072	7.64150500258	5.37806567736	4.67538273947	0.0	7.68352483054	8.97952993869
MCT.f.0074	9.78866304229	8.74759674408	8.15049320181	7.68352483054	0.0	5.2398391375
MCT.f.0075	10.6092283371	9.28729765631	9.02744590832	8.97952993869	5.2398391375	0.0