	MCT.f.0477	MCT.f.0481	MCT.f.0482	MCT.f.0486	MCT.f.0489	MCT.f.0492
MCT.f.0477	0.0	0.571428571429	0.679069767442	0.726457399103	0.770833333333	0.774468085106
MCT.f.0481	0.571428571429	0.0	0.295918367347	0.636734693878	0.688212927757	0.68992248062
MCT.f.0482	0.679069767442	0.295918367347	0.0	0.579365079365	0.731958762887	0.729824561404
MCT.f.0486	0.726457399103	0.636734693878	0.579365079365	0.0	0.524	0.623574144487
MCT.f.0489	0.770833333333	0.688212927757	0.731958762887	0.524	0.0	0.465020576132
MCT.f.0492	0.774468085106	0.68992248062	0.729824561404	0.623574144487	0.465020576132	0.0