	sample1	sample2	sample4	sample5	sample6	sample7
sample1	0.0	0.659574468085	0.785714285714	0.760563380282	0.907407407407	0.963414634146
sample2	0.659574468085	0.0	0.792307692308	0.8	0.835820895522	0.939655172414
sample4	0.785714285714	0.792307692308	0.0	0.79797979798	0.853846153846	0.905660377358
sample5	0.760563380282	0.8	0.79797979798	0.0	0.770833333333	0.881578947368
sample6	0.907407407407	0.835820895522	0.853846153846	0.770833333333	0.0	0.894230769231
sample7	0.963414634146	0.939655172414	0.905660377358	0.881578947368	0.894230769231	0.0