	sample1	sample2	sample4	sample5	sample6	sample7
sample1	0.0	6.77976915058	9.47151356141	9.69365579535	10.5934594468	11.2591269172
sample2	6.77976915058	0.0	9.66700790088	10.1607493105	9.77589924859	9.98954248366
sample4	9.47151356141	9.66700790088	0.0	10.2530454227	9.9748176379	10.6723364044
sample5	9.69365579535	10.1607493105	10.2530454227	0.0	8.7073181073	9.8048818641
sample6	10.5934594468	9.77589924859	9.9748176379	8.7073181073	0.0	9.13859543818
sample7	11.2591269172	9.98954248366	10.6723364044	9.8048818641	9.13859543818	0.0