	sample1	sample3	sample4	sample5	sample6	sample7
sample1	0.0	13.9125342263	9.26758580758	14.3785578354	12.8850502228	10.3564717771
sample3	13.9125342263	0.0	12.6201664087	10.1242030157	9.06395202028	14.4616693486
sample4	9.26758580758	12.6201664087	0.0	13.1818655278	12.9164361406	9.83927234068
sample5	14.3785578354	10.1242030157	13.1818655278	0.0	9.07172247209	14.4727657654
sample6	12.8850502228	9.06395202028	12.9164361406	9.07172247209	0.0	14.2051004468
sample7	10.3564717771	14.4616693486	9.83927234068	14.4727657654	14.2051004468	0.0