	MCTs01	MCTs03	MCTs04	MCTs06	MCTs07	MCTs08	MCTs09	MCTs10	MCTs13	MCTs14	MCTs15	MCTs16	MCTs18	MCTs19	MCTs20	MCTs21	MCTs22	MCTs23	MCTs24	MCTs25	MCTs26	MCTs27	MCTs28	MCTs29	MCTs31	MCTs32	MCTs33	MCTs34	MCTs35	MCTs36	MCTs37
MCTs01	0.0	3.49806477093	3.62383513499	4.80031976246	5.05322041799	3.58669808573	4.16808221106	4.1501651587	3.35860979463	3.06470224603	4.53897192855	3.97962630059	4.48383547732	3.46258949279	4.33100127887	4.14530248118	3.1440325258	3.39757767246	6.05926471265	5.17129316181	5.07957345972	4.7707434392	5.34377115775	4.7705371248	4.27768643002	3.45583800086	5.44859867767	4.03798051606	5.02044685173	4.44875592417	4.8813059505
MCTs03	3.49806477093	0.0	3.4824906367	5.01897590361	4.39153005464	3.93919925512	4.09034653465	4.25303030303	3.30746268657	3.13550724638	4.66282051282	4.91264367816	3.99404761905	4.2225177305	3.95701058201	4.92156862745	3.83193739425	3.97301587302	5.55097087379	6.00396825397	4.725	3.9960199005	5.89047619048	4.19166666667	4.15833333333	3.75833333333	4.97222222222	4.09722222222	4.20833333333	3.44583333333	4.35555555556
MCTs04	3.62383513499	3.4824906367	0.0	4.03808492397	3.7940688893	3.3379365179	4.09070345237	3.8505958461	3.437755045	3.31631656082	4.43053874964	4.20121399974	4.70258159444	4.43083114192	3.53617501932	3.49447014761	3.36637578661	3.78098805065	5.8669139304	5.89513108614	4.64116104869	4.49315221645	5.38188871054	4.02028714107	2.92784529542	3.54988083078	4.73463725898	3.26248439451	5.03777421081	4.71020599251	4.4329588015
MCTs06	4.80031976246	5.01897590361	4.03808492397	0.0	5.24879847258	4.13246281214	4.83406894906	5.19094560058	4.18461907331	4.84136546185	4.20599320358	4.13765406453	4.96385542169	5.47859523199	4.88468158348	3.45230333097	4.36609381689	4.09887167718	6.25546847585	5.70548862115	5.50048192771	5.88539231553	5.9148020654	5.18875502008	4.67605114335	4.87714494341	4.60806187714	4.15177376171	5.59357429719	5.06024096386	4.9030789826
MCTs07	5.05322041799	4.39153005464	3.7940688893	5.24879847258	0.0	3.92368043472	4.22647838554	3.58112270243	4.68118424272	3.93703967688	5.70979403111	5.09628792161	4.89207650273	5.73764678526	3.93876311909	4.2900032144	4.8465784583	4.52641165756	4.97310202133	6.53603955243	4.8750273224	3.68991110024	5.21448087432	5.04098360656	4.00975800156	4.83383010432	4.7245496863	3.74453551913	4.54894613583	4.96632513661	4.77486338798
MCTs08	3.58669808573	3.93919925512	3.3379365179	4.13246281214	3.92368043472	0.0	4.25510260523	4.01950228542	3.97620834376	2.96656141203	4.94519409827	4.70493803378	3.86492418196	4.43432782598	3.56613756614	2.89937561617	3.42131979695	3.25352487364	6.36828117373	5.08468564334	5.29139664804	4.55171072014	5.63188347965	4.90696772191	3.87025424695	4.2374301676	4.54789985516	3.39990689013	4.58994413408	4.38177374302	4.47436374922
MCTs09	4.16808221106	4.09034653465	4.09070345237	4.83406894906	4.22647838554	4.25510260523	0.0	3.89378937894	4.38874932269	3.94245946334	4.82315308454	4.10606577899	4.02369165488	4.52517379398	3.99675205616	4.47023878858	4.19711514299	3.10435329247	5.68028453331	5.20132013201	4.74930693069	3.85596768632	5.89957567185	4.49339933993	4.59203879572	4.12511251125	4.90771299352	4.85286028603	4.18953323904	4.31782178218	5.46930693069
MCTs10	4.1501651587	4.25303030303	3.8505958461	5.19094560058	3.58112270243	4.01950228542	3.89378937894	0.0	4.09118046133	4.00316205534	4.90629370629	5.18829676071	5.0762987013	5.25609284333	4.59567099567	4.34973262032	4.82799569297	3.76594516595	5.39052662548	6.67763347763	4.9996969697	4.04450474898	4.98116883117	5.28232323232	4.24836116265	4.32727272727	4.7088664422	3.6952020202	4.44155844156	4.00227272727	5.76565656566
MCTs13	3.35860979463	3.30746268657	3.437755045	4.18461907331	4.68118424272	3.97620834376	4.38874932269	4.09118046133	0.0	3.0165476963	3.87386146192	4.84577114428	4.40751599147	4.36657139833	4.09365869067	4.02370500439	3.26499482284	3.91542288557	4.97299908226	5.83605780621	4.52965174129	4.23880597015	4.98773987207	4.39179104478	3.91222459133	3.80710085934	5.90381426202	4.48030679934	4.26325515281	3.66299751244	4.56650082919
MCTs14	3.06470224603	3.13550724638	3.31631656082	4.84136546185	3.93703967688	2.96656141203	3.94245946334	4.00316205534	3.0165476963	0.0	4.54604236343	4.64492753623	3.56444099379	4.1868640148	3.57315389924	3.61636828645	3.40005885382	3.42753623188	5.4966230477	4.99792960663	5.10347826087	4.08382003028	5.41977225673	4.3768115942	4.16681455191	4.04018445323	5.34272678476	4.01509661836	4.32960662526	3.81612318841	3.75555555556
MCTs15	4.53897192855	4.66282051282	4.43053874964	4.20599320358	5.70979403111	4.94519409827	4.82315308454	4.90629370629	3.87386146192	4.54604236343	0.0	4.79328028294	5.36694139194	5.0612111293	4.70166870167	4.26968325792	5.29111024339	4.08644688645	5.51366691561	6.41465201465	5.48641025641	5.24087256028	5.48058608059	5.4	5.32276295133	4.94568764569	6.24691358025	4.87863247863	5.03736263736	4.37435897436	5.58632478632
MCTs16	3.97962630059	4.91264367816	4.20121399974	4.13765406453	5.09628792161	4.70493803378	4.10606577899	5.18829676071	4.84577114428	4.64492753623	4.79328028294	0.0	4.89244663383	4.52922474933	4.34847655537	3.69317106153	4.0842522901	3.69950738916	6.93315478183	4.84400656814	4.82793103448	5.54160233316	5.42159277504	4.96551724138	4.27820783486	3.82183908046	5.62707535121	4.27059386973	5.44170771757	5.26034482759	5.33180076628
MCTs18	4.48383547732	3.99404761905	4.70258159444	4.96385542169	4.89207650273	3.86492418196	4.02369165488	5.0762987013	4.40751599147	3.56444099379	5.36694139194	4.89244663383	0.0	4.37462006079	4.29894179894	4.45	3.37182741117	3.64682539683	5.74878640777	4.4503968254	5.58214285714	4.65938166311	6.16071428571	4.59325396825	4.74744897959	4.3382034632	4.79365079365	5.18452380952	3.98452380952	4.26964285714	3.76150793651
MCTs19	3.46258949279	4.2225177305	4.43083114192	5.47859523199	5.73764678526	4.43432782598	4.52517379398	5.25609284333	4.36657139833	4.1868640148	5.0612111293	4.52922474933	4.37462006079	0.0	4.79342564449	4.76057571965	3.17658494438	4.0896656535	7.01373683123	4.77136102668	5.42021276596	5.28130623478	6.12613981763	4.61672576832	4.62244897959	3.33526756931	5.536643026	4.99793144208	5.4524822695	5.08244680851	5.1938534279
MCTs20	4.33100127887	3.95701058201	3.53617501932	4.88468158348	3.93876311909	3.56613756614	3.99675205616	4.59567099567	4.09365869067	3.57315389924	4.70166870167	4.34847655537	4.29894179894	4.79342564449	0.0	3.70320572674	4.05887250557	3.74074074074	6.0452047054	5.54497354497	4.98523809524	3.63105109374	5.9417989418	4.1164021164	3.62055933485	4.09042809043	5.66490299824	4.50925925926	5.3037037037	4.76911375661	4.79576719577
MCTs21	4.14530248118	4.92156862745	3.49447014761	3.45230333097	4.2900032144	2.89937561617	4.47023878858	4.34973262032	4.02370500439	3.61636828645	4.26968325792	3.69317106153	4.45	4.76057571965	3.70320572674	0.0	3.8236488504	3.39570494865	6.36801827527	5.07507002801	5.10176470588	4.79326894937	4.94201680672	5.31454248366	4.00900360144	4.43386809269	5.39883805374	4.12173202614	5.26218487395	4.8125	4.92679738562
MCTs22	3.1440325258	3.83193739425	3.36637578661	4.36609381689	4.8465784583	3.42131979695	4.19711514299	4.82799569297	3.26499482284	3.40005885382	5.29111024339	4.0842522901	3.37182741117	3.17658494438	4.05887250557	3.8236488504	0.0	3.54346950286	6.5090927012	4.26702119088	4.63324873096	5.08119301967	5.92947788252	3.86985335589	3.39656065472	3.34579295493	5.20950053268	4.50824873096	4.93410684071	4.83020304569	4.16570783982
MCTs23	3.39757767246	3.97301587302	3.78098805065	4.09887167718	4.52641165756	3.25352487364	3.10435329247	3.76594516595	3.91542288557	3.42753623188	4.08644688645	3.69950738916	3.64682539683	4.0896656535	3.74074074074	3.39570494865	3.54346950286	0.0	5.93758668516	5.12698412698	4.81920634921	4.3030087657	5.49206349206	5.02182539683	4.45238095238	3.90764790765	5.22574955908	4.5	4.4126984127	4.20337301587	5.29206349206
MCTs24	6.05926471265	5.55097087379	5.8669139304	6.25546847585	4.97310202133	6.36828117373	5.68028453331	5.39052662548	4.97299908226	5.4966230477	5.51366691561	6.93315478183	5.74878640777	7.01373683123	6.0452047054	6.36801827527	6.5090927012	5.93758668516	0.0	8.37324703344	6.00349514563	4.66058059218	4.98890429958	6.16127292341	6.42341985338	6.30097087379	6.62735227137	6.54247572816	4.26352288488	4.46444174757	5.60733549083
MCTs25	5.17129316181	6.00396825397	5.89513108614	5.70548862115	6.53603955243	5.08468564334	5.20132013201	6.67763347763	5.83605780621	4.99792960663	6.41465201465	4.84400656814	4.4503968254	4.77136102668	5.54497354497	5.07507002801	4.26702119088	5.12698412698	8.37324703344	0.0	6.59111111111	6.56621653637	7.61507936508	5.43055555556	5.7380952381	5.08441558442	6.37389770723	6.26388888889	6.80634920635	6.44861111111	5.53968253968
MCTs26	5.07957345972	4.725	4.64116104869	5.50048192771	4.8750273224	5.29139664804	4.74930693069	4.9996969697	4.52965174129	5.10347826087	5.48641025641	4.82793103448	5.58214285714	5.42021276596	4.98523809524	5.10176470588	4.63324873096	4.81920634921	6.00349514563	6.59111111111	0.0	4.59621890547	5.85285714286	4.87444444444	5.14755102041	4.1703030303	6.14320987654	5.29111111111	4.17428571429	4.6225	6.37888888889
MCTs27	4.7707434392	3.9960199005	4.49315221645	5.88539231553	3.68991110024	4.55171072014	3.85596768632	4.04450474898	4.23880597015	4.08382003028	5.24087256028	5.54160233316	4.65938166311	5.28130623478	3.63105109374	4.79326894937	5.08119301967	4.3030087657	4.66058059218	6.56621653637	4.59621890547	0.0	5.5328713575	4.52798507463	4.71585947812	4.7446856626	6.10539893127	5.49274461028	4.24534470505	4.30472636816	5.4232172471
MCTs28	5.34377115775	5.89047619048	5.38188871054	5.9148020654	5.21448087432	5.63188347965	5.89957567185	4.98116883117	4.98773987207	5.41977225673	5.48058608059	5.42159277504	6.16071428571	6.12613981763	5.9417989418	4.94201680672	5.92947788252	5.49206349206	4.98890429958	7.61507936508	5.85285714286	5.5328713575	0.0	6.24007936508	5.93367346939	5.57359307359	6.99514991182	5.78373015873	4.84047619048	5.25714285714	6.5253968254
MCTs29	4.7705371248	4.19166666667	4.02028714107	5.18875502008	5.04098360656	4.90696772191	4.49339933993	5.28232323232	4.39179104478	4.3768115942	5.4	4.96551724138	4.59325396825	4.61672576832	4.1164021164	5.31454248366	3.86985335589	5.02182539683	6.16127292341	5.43055555556	4.87444444444	4.52798507463	6.24007936508	0.0	4.40646258503	4.54545454545	5.77932098765	4.79166666667	5.12063492063	5.00555555556	5.23611111111
MCTs31	4.27768643002	4.15833333333	2.92784529542	4.67605114335	4.00975800156	3.87025424695	4.59203879572	4.24836116265	3.91222459133	4.16681455191	5.32276295133	4.27820783486	4.74744897959	4.62244897959	3.62055933485	4.00900360144	3.39656065472	4.45238095238	6.42341985338	5.7380952381	5.14755102041	4.71585947812	5.93367346939	4.40646258503	0.0	4.22047000618	4.7174351222	3.58900226757	5.36530612245	5.44362244898	4.19047619048
MCTs32	3.45583800086	3.75833333333	3.54988083078	4.87714494341	4.83383010432	4.2374301676	4.12511251125	4.32727272727	3.80710085934	4.04018445323	4.94568764569	3.82183908046	4.3382034632	3.33526756931	4.09042809043	4.43386809269	3.34579295493	3.90764790765	6.30097087379	5.08441558442	4.1703030303	4.7446856626	5.57359307359	4.54545454545	4.22047000618	0.0	5.20650953984	4.15277777778	5.07229437229	4.54393939394	5.0797979798
MCTs33	5.44859867767	4.97222222222	4.73463725898	4.60806187714	4.7245496863	4.54789985516	4.90771299352	4.7088664422	5.90381426202	5.34272678476	6.24691358025	5.62707535121	4.79365079365	5.536643026	5.66490299824	5.39883805374	5.20950053268	5.22574955908	6.62735227137	6.37389770723	6.14320987654	6.10539893127	6.99514991182	5.77932098765	4.7174351222	5.20650953984	0.0	3.50308641975	5.4455026455	5.28765432099	4.83209876543
MCTs34	4.03798051606	4.09722222222	3.26248439451	4.15177376171	3.74453551913	3.39990689013	4.85286028603	3.6952020202	4.48030679934	4.01509661836	4.87863247863	4.27059386973	5.18452380952	4.99793144208	4.50925925926	4.12173202614	4.50824873096	4.5	6.54247572816	6.26388888889	5.29111111111	5.49274461028	5.78373015873	4.79166666667	3.58900226757	4.15277777778	3.50308641975	0.0	5.25555555556	4.70833333333	4.33055555556
MCTs35	5.02044685173	4.20833333333	5.03777421081	5.59357429719	4.54894613583	4.58994413408	4.18953323904	4.44155844156	4.26325515281	4.32960662526	5.03736263736	5.44170771757	3.98452380952	5.4524822695	5.3037037037	5.26218487395	4.93410684071	4.4126984127	4.26352288488	6.80634920635	4.17428571429	4.24534470505	4.84047619048	5.12063492063	5.36530612245	5.07229437229	5.4455026455	5.25555555556	0.0	3.57321428571	5.28571428571
MCTs36	4.44875592417	3.44583333333	4.71020599251	5.06024096386	4.96632513661	4.38177374302	4.31782178218	4.00227272727	3.66299751244	3.81612318841	4.37435897436	5.26034482759	4.26964285714	5.08244680851	4.76911375661	4.8125	4.83020304569	4.20337301587	4.46444174757	6.44861111111	4.6225	4.30472636816	5.25714285714	5.00555555556	5.44362244898	4.54393939394	5.28765432099	4.70833333333	3.57321428571	0.0	4.90138888889
MCTs37	4.8813059505	4.35555555556	4.4329588015	4.9030789826	4.77486338798	4.47436374922	5.46930693069	5.76565656566	4.56650082919	3.75555555556	5.58632478632	5.33180076628	3.76150793651	5.1938534279	4.79576719577	4.92679738562	4.16570783982	5.29206349206	5.60733549083	5.53968253968	6.37888888889	5.4232172471	6.5253968254	5.23611111111	4.19047619048	5.0797979798	4.83209876543	4.33055555556	5.28571428571	4.90138888889	0.0