	MCT.f.0260	MCT.f.0261	MCT.f.0263	MCT.f.0264	MCT.f.0265	MCT.f.0266	MCT.f.0267	MCT.f.0269	MCT.f.0270	MCT.f.0271	MCT.f.0272
MCT.f.0260	0.0	11.4027489316	8.34093529215	10.7217634227	11.4948945321	11.3992463999	11.7431089875	12.8970121166	12.5996040688	12.9307401218	15.265198425
MCT.f.0261	11.4027489316	0.0	10.9966276779	7.57792988112	12.4467152266	14.7266137128	7.15031051392	9.54667565159	14.772046427	8.05411963112	13.7163777965
MCT.f.0263	8.34093529215	10.9966276779	0.0	8.22560998268	9.43802860894	11.8397508429	12.3942765716	12.7958559163	13.1986603112	11.9754191899	15.8724001788
MCT.f.0264	10.7217634227	7.57792988112	8.22560998268	0.0	9.14988426618	13.2350922715	10.6824738553	11.2053925602	14.088583027	9.7979773107	14.6882338621
MCT.f.0265	11.4948945321	12.4467152266	9.43802860894	9.14988426618	0.0	12.6498803467	13.7303750757	12.8150726767	13.5013385567	12.1515050421	16.2125495199
MCT.f.0266	11.3992463999	14.7266137128	11.8397508429	13.2350922715	12.6498803467	0.0	14.4058131122	12.9866700291	13.5610242942	15.8894640429	14.0002470439
MCT.f.0267	11.7431089875	7.15031051392	12.3942765716	10.6824738553	13.7303750757	14.4058131122	0.0	8.7907577313	13.7418610662	7.7112271365	12.8557183915
MCT.f.0269	12.8970121166	9.54667565159	12.7958559163	11.2053925602	12.8150726767	12.9866700291	8.7907577313	0.0	12.0144392315	10.7725040905	11.3079463687
MCT.f.0270	12.5996040688	14.772046427	13.1986603112	14.088583027	13.5013385567	13.5610242942	13.7418610662	12.0144392315	0.0	13.5750342608	13.956270992
MCT.f.0271	12.9307401218	8.05411963112	11.9754191899	9.7979773107	12.1515050421	15.8894640429	7.7112271365	10.7725040905	13.5750342608	0.0	14.919752179
MCT.f.0272	15.265198425	13.7163777965	15.8724001788	14.6882338621	16.2125495199	14.0002470439	12.8557183915	11.3079463687	13.956270992	14.919752179	0.0