	MCT.f.0089	MCT.f.0091	MCT.f.0094	MCT.f.0095	MCT.f.0098	MCT.f.0099	MCT.f.0417
MCT.f.0089	0.0	6.7056961136	7.77390596202	7.58434367562	7.11761738636	7.21686311488	7.33754305586
MCT.f.0091	6.7056961136	0.0	5.07467376658	5.90581309787	5.7399160815	6.69557447703	7.25926727302
MCT.f.0094	7.77390596202	5.07467376658	0.0	3.705441981	6.13216579364	6.79156157852	7.07103401731
MCT.f.0095	7.58434367562	5.90581309787	3.705441981	0.0	5.46673363711	6.27236413329	6.98061499335
MCT.f.0098	7.11761738636	5.7399160815	6.13216579364	5.46673363711	0.0	3.10630618391	6.24060976401
MCT.f.0099	7.21686311488	6.69557447703	6.79156157852	6.27236413329	3.10630618391	0.0	6.446596655
MCT.f.0417	7.33754305586	7.25926727302	7.07103401731	6.98061499335	6.24060976401	6.446596655	0.0