	sample1	sample3	sample4	sample5	sample6	sample7
sample1	0.0	0.714285714286	0.785714285714	0.760563380282	0.907407407407	0.963414634146
sample3	0.714285714286	0.0	0.822033898305	0.744186046512	0.820512820513	0.95
sample4	0.785714285714	0.822033898305	0.0	0.79797979798	0.853846153846	0.905660377358
sample5	0.760563380282	0.744186046512	0.79797979798	0.0	0.770833333333	0.881578947368
sample6	0.907407407407	0.820512820513	0.853846153846	0.770833333333	0.0	0.894230769231
sample7	0.963414634146	0.95	0.905660377358	0.881578947368	0.894230769231	0.0