	sample1	sample3	sample4	sample5	sample6	sample7
sample1	0.0	8.60440020778	9.47151356141	9.69365579535	10.5934594468	11.2591269172
sample3	8.60440020778	0.0	9.56358768407	9.78516466605	9.47514619883	10.9254626763
sample4	9.47151356141	9.56358768407	0.0	10.2530454227	9.9748176379	10.6723364044
sample5	9.69365579535	9.78516466605	10.2530454227	0.0	8.7073181073	9.8048818641
sample6	10.5934594468	9.47514619883	9.9748176379	8.7073181073	0.0	9.13859543818
sample7	11.2591269172	10.9254626763	10.6723364044	9.8048818641	9.13859543818	0.0